----- Dataset [ SD1 ] Created Successfully----


----- Experimenting on Dataset[ SD1 ]-- param [ n = 10, w = 150] ----

----- Iteration [  1  ] -------



----- Generating Graph Streams ----
Total Graph:  2000
Starting Drift Detection-----
Window Size Reached
Starting Entropy Calculation
Buffer Matrix Full
Calculating diversion score
False Alarm at:  [  429   ] 
False Alarm at:  [  541   ] 
False Alarm at:  [  702   ] 
False Alarm at:  [  794   ] 
False Alarm at:  [  866   ] 
False Alarm at:  [  993   ] 
Drift Detected at:  [  1020   ]
False Alarm at:  [  1080   ] 
False Alarm at:  [  1274   ] 
False Alarm at:  [  1354   ] 
False Alarm at:  [  1507   ] 
False Alarm at:  [  1663   ] 
False Alarm at:  [  1750   ] 
False Alarm at:  [  1933   ] 

Entropy:  [6.393240207572326, 6.399720207135006, 6.400293849445012, 6.392440096968623, 6.383107729869772, 6.383681372179777, 6.384384678218526, 6.370252067580805, 6.370895449378496, 6.3688640726448735, 6.368100302754364, 6.367446447478018, 6.366822966249099, 6.387122194155476, 6.38775547694497, 6.38775547694497, 6.408042673934164, 6.38767631745427, 6.386963078733822, 6.381327884722394, 6.384898973559515, 6.372298926667827, 6.373025055586221, 6.379957583825128, 6.370578138633611, 6.371923880830022, 6.379986381215743, 6.379986381215743, 6.381995235912567, 6.369476632565051, 6.3710915225609615, 6.391241060799884, 6.391241060799884, 6.390038868885213, 6.387130052649293, 6.3811793430487365, 6.380292750907295, 6.380292750907295, 6.378849225999568, 6.3580341382390655, 6.3580341382390655, 6.3580341382390655, 6.357561152242953, 6.349174281926737, 6.356875685838986, 6.331696622187617, 6.3521600901741415, 6.335886977130669, 6.335886977130669, 6.32946605103841, 6.330121288095989, 6.330121288095989, 6.330806608896132, 6.332022913225044, 6.333000728295077, 6.3346279810174515, 6.312194695245173, 6.327427061088072, 6.327427061088072, 6.326677718990518, 6.323584848894333, 6.3261626930948, 6.32652117287992, 6.323800624187469, 6.3426614633443466, 6.342845096142176, 6.340863675077098, 6.340863675077098, 6.340863675077098, 6.339679671047002, 6.338950756170912, 6.330632672464217, 6.32996619763094, 6.331152834179736, 6.331152834179736, 6.32996619763094, 6.329206933648097, 6.326351478312877, 6.326351478312877, 6.313318250838733, 6.313318250838733, 6.313318250838733, 6.314059378487334, 6.29792769372644, 6.29792769372644, 6.299917710148883, 6.3007458327105255, 6.316819714174471, 6.318211729761775, 6.322225398950801, 6.332503417943959, 6.317032476979181, 6.317032476979181, 6.316183847340225, 6.295441817305449, 6.295441817305449, 6.296271400791103, 6.295083117940394, 6.295946646807063, 6.313021794442179, 6.293439193991873, 6.2831602021753294, 6.286012888513941, 6.277424829154084, 6.277424829154084, 6.27911368782937, 6.279953701851078, 6.277749539159114, 6.278589957725245, 6.270292633060684, 6.267466551466481, 6.262989299258109, 6.246549024884525, 6.246549024884525, 6.2474041672773755, 6.242300966567297, 6.249194008769552, 6.262030006569798, 6.247567528079763, 6.225947320248173, 6.217596011694576, 6.216210687469443, 6.216210687469443, 6.217072024558756, 6.214856777014041, 6.229830435240462, 6.2267774122656165, 6.225617024004297, 6.226965244660059, 6.225617024004297, 6.2439470379061115, 6.2351504952885515, 6.235763112305001, 6.236614381343927, 6.234468110926108, 6.235411231345659, 6.235411231345659, 6.235562496187089, 6.243581720461551, 6.262781103067648, 6.243854983597675, 6.2439763816493175, 6.248518067154317, 6.248253082331944, 6.24566031238269, 6.260422063077943, 6.260422063077943, 6.246384937303149, 6.24537738294487, 6.267878808859294, 6.267878808859294, 6.267037236135898, 6.267037236135898, 6.274266192080605, 6.283695289027914, 6.259468812391521, 6.259468812391521, 6.269156317843889, 6.264675536465625, 6.266486585895504, 6.267256195834285, 6.266997772176507, 6.26796483268381, 6.251029118411192, 6.251029118411192, 6.250070346158238, 6.234433170878184, 6.234433170878184, 6.23431140730738, 6.243113857480748, 6.227092200523842, 6.250589093539065, 6.248036577881954, 6.248902131760331, 6.25986111383053, 6.251027052968993, 6.2495226493658285, 6.2495226493658285, 6.234968592173586, 6.250939638810199, 6.249923377713027, 6.248855091456435, 6.248855091456435, 6.24992031706723, 6.2594002150647885, 6.264196931726005, 6.267452570633062, 6.265404478064371, 6.266552247722502, 6.27706087757417, 6.268372533505027, 6.268372533505027, 6.268486296379313, 6.276976818013954, 6.276976818013954, 6.2963729059689575, 6.2796739345518, 6.295391302610954, 6.294443624221496, 6.3022479872273856, 6.3022479872273856, 6.294499172023306, 6.294499172023306, 6.285643070103768, 6.280826216661463, 6.279902915535341, 6.301063226707132, 6.297875482941186, 6.296735171043911, 6.297750028642343, 6.283322631447016, 6.282199040906856, 6.282199040906856, 6.285370765786834, 6.285370765786834, 6.289939617016935, 6.291961477614039, 6.2910107739982095, 6.2910107739982095, 6.2899686545232605, 6.288814348220882, 6.298313044079406, 6.298401008506997, 6.299478075996697, 6.299478075996697, 6.301623239345745, 6.302702245944854, 6.303845433275342, 6.301625466981137, 6.318719819523705, 6.3175123161465345, 6.3175123161465345, 6.3175123161465345, 6.335106906305409, 6.314595417972264, 6.313412299462325, 6.313412299462325, 6.315575389801943, 6.310109458595297, 6.3154723040234355, 6.316559356068389, 6.333112950598903, 6.333112950598903, 6.333112950598903, 6.354364424798297, 6.343518623200592, 6.340297686338371, 6.323262792661705, 6.322196603331202, 6.323262792661705, 6.3440544135305394, 6.3549445007229775, 6.3549445007229775, 6.36237800305561, 6.350481153521587, 6.375145536495266, 6.373115595949272, 6.3604682755825985, 6.3604682755825985, 6.3778763922051995, 6.379158326583423, 6.386416249333552, 6.411135097270933, 6.400779253149058, 6.398594360279341, 6.418237218200959, 6.402173058607391, 6.406745699231846, 6.42454057443179, 6.427179249887416, 6.4355709205900125, 6.43471214016148, 6.437059282249396, 6.432569332463562, 6.4243540778082, 6.423844311341225, 6.427250175206326, 6.428267431015879, 6.427375580208695, 6.426515233061265, 6.425685992649219, 6.45736670104351, 6.438737409924492, 6.41880913632602, 6.4207991656364145, 6.4207991656364145, 6.401476302112938, 6.402524539392735, 6.41084013197909, 6.41084013197909, 6.422234224376103, 6.423074389839221, 6.423074389839221, 6.423447777769997, 6.423807878322599, 6.423665045500983, 6.421670299292984, 6.421670299292984, 6.42245013246376, 6.42245013246376, 6.42330905898897, 6.413673494948357, 6.401464520420604, 6.4003000616366, 6.401156315735998, 6.4194486686085055, 6.411983656523035, 6.417199487822969, 6.420772564223343, 6.40965395544938, 6.39012102632598, 6.385958425596414, 6.382617584360701, 6.4021269000036405, 6.4021269000036405, 6.397847477197208, 6.417098074001365, 6.4293657738983745, 6.4220485648133945, 6.4220485648133945, 6.4220485648133945, 6.4220485648133945, 6.424082917452622, 6.423055383017676, 6.411240233728956, 6.418402929933156, 6.419720063072066, 6.419720063072066, 6.439533641591793, 6.436989520087576, 6.437735051678161, 6.4317800044006805, 6.431034314363341, 6.409696097179564, 6.411911471401658, 6.414542122386863, 6.394710733649084, 6.395966349922074, 6.395966349922074, 6.384918305060609, 6.393340893608113, 6.384918305060609, 6.385678864685948, 6.382560109294663, 6.382560109294663, 6.373666996857917, 6.393726418583397, 6.393726418583397, 6.375656269766192, 6.375656269766192, 6.374839100083137, 6.383260935070485, 6.378074424777494, 6.387383645332138, 6.3937354743151324, 6.388863573336732, 6.3877501001411465, 6.3900825631775255, 6.391293716145832, 6.3731691702041875, 6.38364479506441, 6.384278702367554, 6.395763940802869, 6.395763940802869, 6.364828509786784, 6.338711663104762, 6.338711663104762, 6.339399185514176, 6.337753173190485, 6.332662826867164, 6.336036681277009, 6.332662826867164, 6.3319537795801875, 6.328986842026997, 6.328986842026997, 6.33234071877547, 6.332938342510923, 6.314921943935492, 6.295952217359655, 6.294695411594623, 6.29408750622286, 6.291014870322034, 6.288713559907067, 6.288135382875244, 6.313437804501656, 6.296612660592547, 6.2959515249246145, 6.294717025148585, 6.297568608212588, 6.29483113772243, 6.277950855998048, 6.273500476110234, 6.273500476110234, 6.262792165459493, 6.262792165459493, 6.272331490274234, 6.275062579704514, 6.292038678866213, 6.291372172197236, 6.291372172197236, 6.283436711581555, 6.284107741459281, 6.280788731503639, 6.2798393626896445, 6.289903745410001, 6.288565020659722, 6.289082659254756, 6.305062458767924, 6.305062458767924, 6.305062458767924, 6.305690935041226, 6.307250128543331, 6.299230689692171, 6.307728514869423, 6.309579987153092, 6.309579987153092, 6.328102437050604, 6.329912412217562, 6.319950287627971, 6.322165328860963, 6.319391786279884, 6.322335699619762, 6.322335699619762, 6.326613335113915, 6.328429656974919, 6.3310504261358105, 6.332165520675103, 6.332165520675103, 6.331799111449062, 6.332578944619838, 6.332578944619838, 6.332578944619838, 6.351728024445777, 6.370696935829568, 6.350939237397188, 6.3205853612344844, 6.337593054329201, 6.3363229737060225, 6.326575384876742, 6.323377331285294, 6.328027725415598, 6.316796473772012, 6.316796473772012, 6.317556709185863, 6.318736180302248, 6.320384088150084, 6.322459067945905, 6.341514150806527, 6.341514150806527, 6.335489856822893, 6.335489856822893, 6.318532632543674, 6.328360335535299, 6.330730865443322, 6.329925580698789, 6.32146023423121, 6.306910436907902, 6.308650603991092, 6.307708393965953, 6.315665469700857, 6.315665469700857, 6.3208547950615275, 6.316800187500164, 6.316800187500164, 6.31605333212976, 6.313975581273882, 6.313391616682187, 6.3193290184444875, 6.319574384654498, 6.319574384654498, 6.338997046255806, 6.338197920440295, 6.33743030897553, 6.33422285190281, 6.344356415005073, 6.345092366214461, 6.34585944812345, 6.34585944812345, 6.342691641260653, 6.341173561438635, 6.340046529482875, 6.32836194366861, 6.329183683897558, 6.347495476499218, 6.347495476499218, 6.345338542984752, 6.35712439139663, 6.35712439139663, 6.356018840225511, 6.355207142613923, 6.335070849478971, 6.341595160943057, 6.340371752737724, 6.342287644146744, 6.340262794535244, 6.329447846119114, 6.322818374312867, 6.322552513964889, 6.344102561776198, 6.340622541177407, 6.341473218688162, 6.341473218688162, 6.3469661780859115, 6.347871169391056, 6.350830090558005, 6.3576657033635895, 6.359761466120696, 6.360718694419316, 6.341230781742092, 6.3656411080130795, 6.371467232648861, 6.372458890376761, 6.372458890376761, 6.372458890376761, 6.395053807480889, 6.4225002451684094, 6.4225002451684094, 6.421491545424258, 6.425565741851094, 6.432031371372258, 6.432031371372258, 6.432077031937273, 6.433269674002849, 6.435774574145954, 6.431719005758706, 6.431719005758706, 6.4307886942011265, 6.4518643459168095, 6.483335797214221, 6.484540497311267, 6.465050391270283, 6.468152426460188, 6.471450957845457, 6.469495389121768, 6.468492678519267, 6.486849352533074, 6.487859731576225, 6.486073362670207, 6.477589698766778, 6.480275112086333, 6.501424017264799, 6.509957092666442, 6.508733914317959, 6.518791535388569, 6.5178206033297315, 6.5168832274311175, 6.5168832274311175, 6.495395375386758, 6.489406791025616, 6.488420484110174, 6.496764530776336, 6.464589348885812, 6.4571755475934545, 6.45911473839289, 6.456000485511454, 6.45825557824586, 6.459559472091287, 6.467882506002954, 6.446590757300441, 6.447034093719871, 6.438739709788327, 6.427327236196771, 6.432216515227812, 6.432216515227812, 6.432216515227812, 6.429950657852011, 6.429108577132006, 6.4262807672792475, 6.43710279295573, 6.445658392511518, 6.444065575225215, 6.446231585539142, 6.444969488281436, 6.4424625896540935, 6.448726168586571, 6.448726168586571, 6.4478837293817985, 6.445522527195728, 6.443219541975314, 6.443627907113641, 6.442430670977486, 6.430267943551871, 6.429405565288373, 6.42913820731665, 6.449275067049248, 6.449701582705068, 6.449701582705068, 6.439131753124561, 6.4305086521265125, 6.434565273464878, 6.434565273464878, 6.443013683767374, 6.443013683767374, 6.442215462789956, 6.443105695053321, 6.443105695053321, 6.4214599046342915, 6.40240232095248, 6.40150622910795, 6.408950972585683, 6.388998241966873, 6.407549665611228, 6.404328225555562, 6.396664613531845, 6.394839047079362, 6.404884915686241, 6.4248129257354725, 6.424729574480613, 6.426852507559929, 6.410019375438052, 6.422227133898104, 6.410412031474042, 6.404385355049939, 6.403270214550441, 6.40412557312703, 6.411959996495161, 6.393175483996119, 6.393438656635976, 6.40270151738595, 6.40270151738595, 6.393438656635976, 6.390226825847759, 6.391083099295278, 6.392980205176992, 6.392980205176992, 6.392980205176992, 6.391883987116905, 6.389154942024541, 6.3932332427623955, 6.395972907676311, 6.396989696115562, 6.427215217019459, 6.424453728520854, 6.423556794070507, 6.423556794070507, 6.423539134536355, 6.407083832602754, 6.388716761860812, 6.385680242590689, 6.4049633873845675, 6.424859283468472, 6.405984762732054, 6.407120481273435, 6.38886237968251, 6.387484429806307, 6.406823826053228, 6.413740562447942, 6.415599913601554, 6.413248299229413, 6.417711693774981, 6.416823310613513, 6.415967831157279, 6.415967831157279, 6.415967831157279, 6.415144822743209, 6.41435387804752, 6.413594613611793, 6.411355503617063, 6.409296517035966, 6.405148988045179, 6.395916732850083, 6.395916732850083, 6.396665915436786, 6.395916732850083, 6.3919104934496405, 6.3919104934496405, 6.387059175840053, 6.385909542806452, 6.385107254831659, 6.384669834224197, 6.363689109088594, 6.363689109088594, 6.346157894387073, 6.3430829854012165, 6.328604561440391, 6.3256756627046, 6.319216071510622, 6.301353400818049, 6.285622244566132, 6.27449557070791, 6.27449557070791, 6.27449557070791, 6.257643191953609, 6.259335871538065, 6.258966956264796, 6.243820767607216, 6.242097836407878, 6.244203152854143, 6.2485555795699135, 6.2485555795699135, 6.241311291976188, 6.24421756881719, 6.245348304597062, 6.2464023048303305, 6.245212894591581, 6.2458532672478455, 6.244798883567249, 6.261253080367651, 6.268077836666487, 6.268861752141072, 6.266823847172994, 6.280935257658555, 6.290559880060678, 6.291271554633643, 6.293486600304867, 6.2909732175443045, 6.282453214325516, 6.282453214325516, 6.299624677876076, 6.299624677876076, 6.306260749907317, 6.316828206427465, 6.3205582016189625, 6.31094881169221, 6.31094881169221, 6.312876368961989, 6.313617338427432, 6.308392132636103, 6.309569304775062, 6.308860287120502, 6.303903789865393, 6.282325787900654, 6.282853739725961, 6.284800420397912, 6.275067368817099, 6.273847209444692, 6.2576735781243435, 6.242383868405287, 6.245624390931326, 6.246261310309648, 6.248181620368202, 6.2582695554321175, 6.2582695554321175, 6.259416977758688, 6.260730124771891, 6.258961838193017, 6.259967866309082, 6.269762732148433, 6.285691266133205, 6.262211366973505, 6.246032026895151, 6.244728186210354, 6.241738267939891, 6.242341521464448, 6.242341521464448, 6.242341521464448, 6.259287412086103, 6.27399876973805, 6.274757804589999, 6.274757804589999, 6.292775704574387, 6.287281717419034, 6.288953293483402, 6.295955014481291, 6.297832202253536, 6.295189073272172, 6.296340075781441, 6.295814928848527, 6.293326526922845, 6.310775747547248, 6.31610930263073, 6.3276545301399505, 6.342672529697558, 6.341004064385368, 6.323519332644994, 6.32428747032786, 6.340475995216139, 6.323519332644994, 6.321270927376317, 6.314581212828849, 6.323874751429752, 6.315989520587549, 6.315989520587549, 6.315484191669744, 6.303555193644297, 6.296242111171668, 6.296242111171668, 6.2976667620089914, 6.296428897828941, 6.296428897828941, 6.2945276882105246, 6.295215906863717, 6.293567626152633, 6.295236512686716, 6.287093793716185, 6.288813452660974, 6.30700907622707, 6.324332239520683, 6.326211999885898, 6.326211999885898, 6.325041527914522, 6.341840957456145, 6.341840957456145, 6.351443677833834, 6.354230908309496, 6.354230908309496, 6.35377843404024, 6.353099785795108, 6.355565339885327, 6.337181682311743, 6.3317703885384855, 6.3317703885384855, 6.330687139865886, 6.328906452301118, 6.328752950426614, 6.325685321040126, 6.319380552015938, 6.314428579492711, 6.33552892576825, 6.338970610095261, 6.349417727512891, 6.340914416876098, 6.340914416876098, 6.333713282953151, 6.336149532809903, 6.315033823341286, 6.319755878679161, 6.321401882199703, 6.322053116865628, 6.322642358178192, 6.340988958971795, 6.341547279372548, 6.3574286930649775, 6.360049183064263, 6.379811067204424, 6.379594357087105, 6.386056904026403, 6.3973752192621705, 6.416320695947199, 6.42496051856766, 6.446791808543391, 6.446791808543391, 6.4579325864487185, 6.455212631989022, 6.452941987149151, 6.474236488157428, 6.465246851987493, 6.465246851987493, 6.468936279490594, 6.467286177735952, 6.451953006913563, 6.451953006913563, 6.451953006913563, 6.446217644286359, 6.447937382477843, 6.446335261481549, 6.4473449410140296, 6.444579167815531, 6.444579167815531, 6.444579167815531, 6.447178328781953, 6.435040085896096, 6.3989855485644815, 6.374260968966479, 6.353164935440605, 6.33562309550317, 6.324427904417139, 6.30536561522932, 6.28670620210048, 6.269448336074302, 6.271275666175507, 6.25237990380975, 6.2338669304878955, 6.225041396658997, 6.2071566369965385, 6.189544451169561, 6.189544451169561, 6.179182555471317, 6.162459473822624, 6.146051074106273, 6.142842221690743, 6.153870852060085, 6.138450015343256, 6.122844771334603, 6.133801093061493, 6.116120025524185, 6.124688508939376, 6.1401245193907075, 6.125488437768419, 6.109014631403707, 6.093666447743493, 6.077746772139715, 6.062793764590822, 6.047178401504774, 6.031750394700217, 6.048758933041247, 6.035797428774055, 6.022161977506262, 6.008360802525911, 6.019970562445904, 6.035675495496671, 6.023448162214212, 6.012281914699243, 5.997396106538849, 5.983590210537091, 5.96895587566832, 5.955279365128163, 5.94364889583799, 5.930169907124658, 5.916807723793674, 5.916807723793674, 5.909634628261034, 5.896287821266942, 5.884007433530449, 5.8709997445770785, 5.861576843069271, 5.8487078132254515, 5.837180860842412, 5.827119928743441, 5.8262244577525, 5.8151397652221934, 5.801057529928937, 5.801057529928937, 5.792608248362294, 5.813973446991648, 5.814868182387967, 5.8040943526804885, 5.82949557739465, 5.8204903961602685, 5.810127255656897, 5.7984305930752935, 5.802158162144347, 5.790699217765923, 5.790465564001035, 5.794078722084044, 5.791527284732673, 5.7812812876498, 5.771367458365027, 5.762016981246431, 5.752631932935116, 5.752743864138361, 5.741899084437883, 5.731740367649384, 5.721634476018825, 5.72084631055238, 5.709025139559322, 5.699070525533041, 5.689127660324279, 5.681025266561396, 5.671598231500546, 5.663678652960666, 5.665780855251987, 5.656973838220516, 5.660124712354897, 5.651683576034506, 5.643487129681174, 5.63686348609044, 5.629040495239645, 5.621007609553091, 5.666486687314242, 5.666561241653135, 5.6548085011041165, 5.649227415538059, 5.6443591872297, 5.639505440829911, 5.637863666614467, 5.647757676575913, 5.6525015268515615, 5.646433145204975, 5.641372410958311, 5.636681314067339, 5.646123029136169, 5.641428269222701, 5.651369779281455, 5.65110190213378, 5.73309979049132, 5.734518111121676, 5.730795042518025, 5.727848698498841, 5.7269760845309445, 5.738122832101902, 5.737330023712806, 5.741068129883078, 5.737462910248568, 5.737207009156072, 5.74309372539166, 5.743751709091973, 5.747231857594, 5.747967053272038, 5.751565626936826, 5.7550084047280174, 5.75815148897759, 5.783588532456945, 5.789114667968667, 5.794466144279195, 5.8164484093114135, 5.841092512768128, 5.848596247390177, 5.8590489667154735, 5.872627303292112, 5.889165949557921, 5.899836270270288, 5.899230550288211, 5.9189201548489105, 5.931871987071045, 5.94971093988977, 5.964395745971749, 5.979013450901886, 5.9972437064332595, 6.01800747749679, 6.0394368621226455, 6.041065027070323, 6.0394368621226455, 6.0172104069152414, 6.016194669086312, 6.016044310600074, 6.015920392127677, 6.015836031803949, 6.015581501076503, 6.019774142619681, 6.041013088426307, 6.040169848008098, 6.038685009278173, 6.038685009278173, 6.038685009278173, 6.038685009278173, 6.062469431083085, 6.064832054237786, 6.064832054237786, 6.063377884877557, 6.063377884877557, 6.063377884877557, 6.064066286253969, 6.064066286253969, 6.0643522536446, 6.0641680875939015, 6.063939225993127, 6.063909332077793, 6.0647605531960815, 6.067584619503772, 6.069408444013043, 6.069408444013043, 6.069408444013043, 6.046208886340812, 6.045757521734834, 6.041948521434384, 6.041091375058402, 6.0411759621280385, 6.0198309926949385, 6.018979663542963, 6.020234685609062, 6.020234685609062, 6.020234685609062, 6.019495711307949, 6.0194828552525905, 6.024464640358434, 6.023216847449569, 6.022412445237963, 6.02323646976111, 6.02323646976111, 6.048851384864761, 6.0470719954922485, 6.049309908573606, 6.050162883472526, 6.050162883472526, 6.0138628199721875, 6.014726538779199, 5.992998878059304, 5.994490895969516, 6.0187578395146994, 6.01861034510797, 6.019761291206051, 6.043300562584579, 6.043300562584579, 6.042531162544853, 6.066233004506463, 6.064699134012711, 6.064699134012711, 6.0656136953598745, 6.069815146291942, 6.071472890836998, 6.071472890836998, 6.07236658785321, 6.096271266848431, 6.096271266848431, 6.095599932078236, 6.091320638680837, 6.091991281503844, 6.091991281503844, 6.089944467769379, 6.119079668924824, 6.119079668924824, 6.139079822361509, 6.135744436210369, 6.1601707294604084, 6.235977308891572, 6.234777576109917, 6.236308720799362, 6.237152190507088, 6.237152190507088, 6.237152190507088, 6.2333909589561, 6.2333909589561, 6.232008007852387, 6.232008007852387, 6.22659005441036, 6.225792358490573, 6.176988976507653, 6.146116789585572, 6.147058824570157, 6.149507181723004, 6.206985381101126, 6.205472963322556, 6.2072198192605015, 6.206098721460713, 6.206301309753477, 6.237959294775893, 6.2382178891951625, 6.2388184971983565, 6.237857267322637, 6.235076235204758, 6.233593897104188, 6.2334505608188095, 6.2334505608188095, 6.233915873098899, 6.230637238201838, 6.264163192791247, 6.264961337258232, 6.2660056148926015, 6.2672406894109995, 6.299318273389248, 6.299318273389248, 6.297584436863745, 6.300084113766173, 6.299606280494461, 6.299606280494461, 6.300707116976791, 6.3016083374784335, 6.3417610825666, 6.307179897781064, 6.257209506524614, 6.258375656130311, 6.258375656130311, 6.223693393021863, 6.221334289006406, 6.220586277380088, 6.220586277380088, 6.2200914776379985, 6.1894304642707105, 6.1894304642707105, 6.1926986240891955, 6.188969179215548, 6.21886148445561, 6.222254376652391, 6.223052572521155, 6.221809173797693, 6.225136263675363, 6.2263728653681545, 6.2297096359315365, 6.228725366460714, 6.2299803600290655, 6.201658063289003, 6.155760583090096, 6.185910401584251, 6.186884069780256, 6.188129348330718, 6.187951709288163, 6.187951709288163, 6.188129348330718, 6.188129348330718, 6.189666478705267, 6.189149222617942, 6.190819689951534, 6.189834867503894, 6.18653321974839, 6.15539516386699, 6.153467297932359, 6.154458103065109, 6.1542724709213665, 6.154704214757561, 6.154704214757561, 6.1553416643716545, 6.154862144581014, 6.154065429823375, 6.182376872629288, 6.183646219901759, 6.185188277791103, 6.1807366041017024, 6.179467408610562, 6.179320815051395, 6.179320815051395, 6.179320815051395, 6.14640963529945, 6.175010927996362, 6.17681532526628, 6.180119064613144, 6.180947602818639, 6.182404323170687, 6.211701537097405, 6.20829223050878, 6.206899848390906, 6.203548254918249, 6.202726274883422, 6.203290761970828, 6.203724274291242, 6.2024814774793, 6.2037689427257146, 6.205010987967256, 6.205010987967256, 6.203714378601753, 6.199111089931346, 6.2024268803382, 6.201196922004, 6.201196922004, 6.201196922004, 6.2481442664441085, 6.2481442664441085, 6.285488052771134, 6.285488052771134, 6.285488052771134, 6.285375840551248, 6.2865931848000205, 6.284771176284188, 6.283501332082745, 6.283233782663346, 6.281861675139913, 6.282222892388365, 6.28101985611928, 6.28101985611928, 6.2787986004000835, 6.2787986004000835, 6.277143385871121, 6.277143385871121, 6.278466602930933, 6.278466602930933, 6.276207514575311, 6.245649133479766, 6.247572799356572, 6.245947414253723, 6.247208384237942, 6.246112227665479, 6.245901521593182, 6.247947555359293, 6.249764194203287, 6.286633729542098, 6.286754847515086, 6.289506101254237, 6.289506101254237, 6.286896254898617, 6.285718475856439, 6.285718475856439, 6.288882462832215, 6.288882462832215, 6.291318953438336, 6.2400290746968805, 6.247200438688805, 6.246837981187144, 6.289439997563475, 6.331223417485092, 6.331223417485092, 6.334648647002721, 6.333137796224557, 6.331255936206163, 6.331255936206163, 6.332291524261615, 6.331403390194561, 6.327966845228099, 6.329605308499438, 6.330394979287598, 6.330394979287598, 6.3319523609516075, 6.2726666095517984, 6.235955003974436, 6.234779591984899, 6.235955003974436, 6.235689758707047, 6.237883281146947, 6.2402082100076415, 6.204522090993673, 6.2034171955211885, 6.204496659002147, 6.203192071056761, 6.2039058933475975, 6.205478421899584, 6.207008902449158, 6.207008902449158, 6.2059476181451165, 6.2059476181451165, 6.2059476181451165, 6.237517469384851, 6.2725297435007015, 6.2725297435007015, 6.271739373221756, 6.270273291186063, 6.26833134333502, 6.267589722129205, 6.229379109904373, 6.230945504288829, 6.26753619382989, 6.266115352085513, 6.266115352085513, 6.268193297307393, 6.2674258143909025, 6.2674258143909025, 6.232198646512932, 6.233275434893936, 6.233275434893936, 6.228815076706694, 6.228815076706694, 6.229860936477829, 6.229860936477829, 6.225474534138396, 6.266806638903109, 6.266897539278133, 6.266897539278133, 6.266897539278133, 6.211331292541492, 6.21238851456048, 6.213502268524362, 6.21312201188977, 6.21312201188977, 6.212843786236098, 6.163562395048642, 6.163098750920539, 6.162555030540665, 6.162555030540665, 6.165430453442211, 6.1632561702985855, 6.1632561702985855, 6.159109312864986, 6.15744713422406, 6.158694732159838, 6.1603688500117935, 6.161235235791566, 6.159570105481178, 6.158002336516878, 6.155837677290285, 6.159924511046139, 6.16027843016176, 6.16361788781077, 6.132167702762283, 6.1334177719649015, 6.184165887117173, 6.184165887117173, 6.184165887117173, 6.153137487907698, 6.153445502109739, 6.152257253009209, 6.09732223745283, 6.100273766462341, 6.101551193062874, 6.10309847310517, 6.105507583679043, 6.1070656329178785, 6.107959116623502, 6.107959116623502, 6.107959116623502, 6.107959116623502, 6.106236108388879, 6.107560076784368, 6.108443793982425, 6.107271739142693, 6.107271739142693, 6.106156055741399, 6.106156055741399, 6.107271739142693, 6.105826554710253, 6.105826554710253, 6.105826554710253, 6.104580273891592, 6.105147483865166, 6.105147483865166, 6.1057731082849145, 6.107060114075052, 6.079932413425348, 6.081316960333834, 6.080861293569756, 6.082204290065902, 6.081110709692144, 6.081997745553455, 6.078315509716814, 6.053474930831165, 6.052026541354505, 6.052026541354505, 6.052026541354505, 6.0573234984210975, 6.082764255045444, 6.084236703782983, 6.086075506568398, 6.058654074901579, 6.058654074901579, 6.058806315201951, 6.058806315201951, 6.0592686193900525, 6.059077607354385, 6.062300306857238, 6.062300306857238, 6.037374569272544, 6.03882419986678, 6.0390019907037615, 6.038107305061558, 6.037683941312984, 6.015497368437292, 6.016025577509279, 6.041245263857203, 6.039686339034167, 6.039351148157462, 6.039351148157462, 6.038865542720212, 6.038865542720212, 6.038865542720212, 6.038607186528866, 6.040236237962175, 6.018240452769296, 5.996955731286435, 5.97878412239729, 5.959018303893934, 5.959018303893934, 5.959018303893934, 5.959018303893934, 5.9584681066303355, 6.0006658065910194, 6.019116619759773, 6.018953161283487, 6.01581597849042, 6.015541665681265, 6.01542908042271, 6.011711249733697, 5.999465908131254, 5.99857044808551, 5.999959862853266, 6.001249237009084, 6.0007432969252505, 6.00034805348093, 5.998720527223173, 6.000131053879764, 6.000068279102531, 6.000068279102531, 6.000030681562366, 5.99957713460836, 5.99957713460836, 5.998694123566051, 6.001837852281707, 6.021065134258802, 6.024249932837426, 6.024076662244442, 6.045613510599336, 6.045583839734516, 6.048801047747324, 6.049235519154721, 6.047852525797982, 6.025050010535135, 6.025936688754107, 6.025936688754107, 6.023433586127811, 6.023433586127811, 6.021514134605249, 6.023176556841776, 6.023176556841776, 6.023176556841776, 6.021877988509563, 6.04714983035715, 6.025265717517908, 6.026575104728518, 6.026575104728518, 6.005589332648066, 6.036904216809437, 6.036904216809437, 6.036904216809437, 6.037793285748792, 6.037793285748792, 6.038086723737629, 6.071726950707448, 6.072152729592871, 6.075371002374047, 6.101292657586523, 6.098509343810693, 6.101375095403467, 6.102573899556776, 6.105419166288417, 6.106991846255814, 6.083116136987423, 6.083116136987423, 6.083116136987423, 6.083116136987423, 6.083228483726433, 6.0854225090786755, 6.085066152758477, 6.064405235932065, 6.0632081261081066, 6.083858626132753, 6.0826621119319615, 6.081522666357863, 6.080639936361278, 6.079767678977821, 6.103025831970061, 6.079168487191351, 6.0794590867116725, 6.126333854526778, 6.125468464798688, 6.125468464798688, 6.1242939287117535, 6.124020910677507, 6.1208081519097, 6.0761332794596346, 6.074052999129253, 6.074052999129253, 6.072972606964052, 6.074505304183754, 6.07182130854833, 6.072936455530838, 6.074017837406026, 6.071996526195156, 6.053139405452896, 6.0519715184908724, 6.0519715184908724, 6.051790748249671, 6.051790748249671, 6.050671527815403, 6.051790748249671, 6.051790748249671, 6.051790748249671, 6.052970122605742, 6.052112055522448, 6.073798661211888, 6.073798661211888, 6.0743183642942125, 6.0743183642942125, 6.074141465053297, 6.072898793372329, 6.073266215725164, 6.096770561612117, 6.0999916850552935, 6.098778386851803, 6.097626191169262, 6.0967901030339755, 6.073298966150832, 6.073298966150832, 6.071524298421108, 6.097117235933157, 6.096304638913306, 6.096562551561, 6.09336959618306, 6.094813367988378, 6.095955970465144, 6.094813367988378, 6.094813367988378, 6.1231768528721995, 6.122071679330243, 6.122901294905294, 6.0894850729939, 6.09311901380075, 6.092770887484606, 6.093619935334875, 6.093619935334875, 6.094479908970549, 6.070796165848312, 6.070796165848312, 6.070708093989999, 6.069831149563035, 6.066643088147272, 6.068776704964274, 6.067672815241514, 6.092962647736448, 6.118077152883119, 6.145305064372572, 6.180655449574045, 6.1537019909468675, 6.1537019909468675, 6.154817149011657, 6.154817149011657, 6.154552242746603, 6.125468544991002, 6.126606839744473, 6.129872840051654, 6.130182098588555, 6.130461198255371, 6.135020417215676, 6.145159775761383, 6.147320717372889, 6.147320717372889, 6.144044167874823, 6.144484489712898, 6.145186069917221, 6.144899251273087, 6.143797452277928, 6.144899251273087, 6.143797452277928, 6.143799294411287, 6.116748597352589, 6.116748597352589, 6.114392006173614, 6.108564895058881, 6.110343283392865, 6.109305005375349, 6.1090385869521, 6.110257721628693, 6.109263393260227, 6.109263393260227, 6.1069108009674675, 6.104694018545557, 6.101335776387866, 6.100053250674265, 6.100053250674265, 6.1313681716812765, 6.1313681716812765, 6.1332405589307735, 6.133515055306657, 6.130261631072167, 6.130261631072167, 6.100379414468128, 6.099089638427845, 6.123326554111538, 6.121172484991462, 6.119887685395692, 6.1472368795898715, 6.146600276707654, 6.145055313638542, 6.117719225634417, 6.1160872553990675, 6.1160872553990675, 6.115851174114846, 6.1178641175712, 6.1178641175712, 6.1178641175712, 6.1178641175712, 6.11958077231095, 6.117772767340947, 6.116056514157861, 6.116056514157861, 6.116056514157861, 6.142140726459066, 6.142140726459066, 6.140716624836873, 6.141589886783582, 6.139758310611274, 6.1124940880026095, 6.08627155534672, 6.107709773593014, 6.107709773593014, 6.047254911930443, 6.048468006733086, 6.025047371947116, 6.026774752623376, 6.027320618764577, 6.024167580497996, 6.047805996873851, 6.047805996873851, 6.047805996873851, 6.050997660528377, 6.028556404906958, 6.029513736893332, 6.029513736893332, 6.031140503021245, 6.074449383556328, 6.075332987832642, 6.075332987832642, 6.053066649488334, 6.053066649488334, 6.056007586561564, 6.0331569107074055, 6.0331569107074055, 6.040669516825495, 6.025177396141463, 6.026263651881352, 6.005334912237379, 6.006004046357247, 6.0051057957818825, 6.005261822945506, 6.005261822945506, 5.978253935971159, 5.978253935971159, 5.970493630251656, 5.968499981237567, 5.965392187270049, 5.965392187270049, 5.948983370660915, 5.948983370660915, 5.950473354427606, 5.951540858890175, 5.952524939130135, 5.952524939130135, 5.951468248703515, 5.952524939130135, 5.9527357370564, 5.9527357370564, 5.9671620656569955, 5.9671620656569955, 5.969159282488808, 5.972281643893539, 5.972665488213117, 5.974663951133265, 5.977784999903489, 5.977784999903489, 5.977784999903489, 5.9772915065396655, 5.975783505200577, 5.97425910228704, 5.974671240279533, 5.973075424708275, 5.996067016493224, 5.997742884248382, 6.018571641408831, 6.017705606661864, 6.017705606661864, 6.017705606661864, 6.0394297614037376, 6.038401076113181, 6.0367777921801915, 6.037628756167891, 6.030514723631631, 6.028908553325624, 6.0299365303178405, 6.031020270037374, 6.0299365303178405, 6.0299365303178405, 6.028395888483885, 6.027454807620592, 6.027454807620592, 6.027454807620592, 6.027522717643707, 6.02968599362721, 6.030629320548441, 6.030629320548441, 6.030629320548441, 6.032275164044866, 6.031346771433866, 6.008194471033739, 6.030696507455111, 6.029675346374388, 6.02870537506062, 6.030333537188326, 6.03119381259193, 5.998113795953053, 5.978603063510343, 5.97956760109592, 5.978092814731291, 5.979096379501016, 5.979096379501016, 6.00121684590505, 6.00121684590505, 5.980736292690863, 5.984018524539932, 5.965287531432245, 5.965419891676003, 5.948280035471776, 5.948280035471776, 5.9493699801426425, 5.9493699801426425, 5.947559096763883, 5.9501481576792665, 5.9690943604061335, 5.969281306968326, 5.950327159753999, 5.948928292272953, 5.948928292272953, 5.945832726768566, 5.945111229379066, 5.941986424212706, 5.941986424212706, 5.97131046417174, 5.97330553660808, 5.972295234978076, 5.971357760041604, 5.944216313237892, 5.941330800393243, 5.927288405806224, 5.912643226558755, 5.9281836376547385, 5.931248922774223, 5.931248922774223, 5.932932146350757, 5.931248922774223, 5.931248922774223, 5.930191708638383, 5.928813873736824, 5.928813873736824, 5.927831113928565, 5.929859428080344, 5.928964722388723, 5.928964722388723, 5.930726488000554, 5.92766908595468, 5.9282576240389515, 5.929724190886925, 5.9306189707298715, 5.947624516924981, 5.962801401424411, 5.963191183146949, 5.963322535486888, 5.99430635805522, 5.9932498795404, 5.993932589323922, 5.993932589323922, 5.994989067838742, 5.9773471120735495, 5.975172307740781, 5.9772563322387535, 5.976348445808874, 5.97508852839811, 5.993475789415098, 5.992569163975839, 5.993625404384164, 5.993625404384164, 5.992569163975839, 5.990410043574279, 5.989523254080611, 6.007861624069896, 6.007861624069896, 6.007861624069896, 6.030188007360513, 6.025741536113686, 6.025189875190782, 6.069320812939075, 6.045867036134139, 6.0679188399000985, 6.068865570578472, 6.069708079507368, 6.068405978938853, 6.066751255014557, 6.113396013013255, 6.112414975235411, 6.116363542440013, 6.117625485769104, 6.11645924451366, 6.113214381718045, 6.113214381718045, 6.084282507074312, 6.083026511495837, 6.083026511495837, 6.0823770379998185, 6.080767293744946, 6.080890613634433, 6.0788649423258745, 6.082676669246653, 6.083524858684362, 6.086725663647334, 6.086725663647334, 6.085741595552468, 6.085741595552468, 6.085741595552468, 6.0835022458940085, 6.0835022458940085, 6.0819944129487915, 6.0805791918733165, 6.081990409163701, 6.083839528156336, 6.060680029358202, 6.058523916948589, 6.059942298933339, 6.060998812257916, 6.062404612541823, 6.062404612541823, 6.063291182888629, 6.063291182888629, 6.042453236127182, 6.042999810720776, 6.037252162346698, 6.038482527135541, 6.018131448318814, 6.025632972130429]

----- Iteration [  1  ] Ends ----


---- Calculating Performance ----

 ------  RESULTS ------
Drift Points:  [1020]
False Alarm:  [429, 541, 702, 794, 866, 993, 1080, 1274, 1354, 1507, 1663, 1750, 1933]

 ------  Score ------
DoD:-           20.0
FA1000:-        6.5
DCR:-           1.0
---- Calculating Performance ----
